    unsorted:	 613.8586422 584.7429525 553.9497583 774.7035566 457.8571166 381.8428161 377.0188805 276.9075469 953.3061861 1051.611738 1175.439731 1248.726321 1366.962861 1764.452642 1857.682038 1946.022312 2258.315542 2342.683892 2970.645854 3170.549900 3443.661645 4337.822339 4585.377424 5592.813496 6815.320263 6927.797891 7706.940352 8810.963885 9781.836299 10420.74450 10843.43366 12133.95073 12874.56986 13225.42779 14755.96520 17283.89038 18201.34714 19203.86339 23580.70288 26198.60429 26790.53803 32197.44236 33995.27794 75550.14989 185853.0492 481007.7129 7539027.374 10428952.59
      sorted:	 276.9075469 377.0188805 381.8428161 457.8571166 553.9497583 584.7429525 613.8586422 774.7035566 953.3061861 1051.611738 1175.439731 1248.726321 1366.962861 1764.452642 1857.682038 1946.022312 2258.315542 2342.683892 2970.645854 3170.549900 3443.661645 4337.822339 4585.377424 5592.813496 6815.320263 6927.797891 7706.940352 8810.963885 9781.836299 10420.74450 10843.43366 12133.95073 12874.56986 13225.42779 14755.96520 17283.89038 18201.34714 19203.86339 23580.70288 26198.60429 26790.53803 32197.44236 33995.27794 75550.14989 185853.0492 481007.7129 7539027.374 10428952.59
