    unsorted:	 599.2878155 590.3306662 563.1003533 780.6847752 457.9828942 381.2511877 368.8551198 276.8701233 952.6008539 992.0488348 1063.029166 1248.974967 1372.748769 1858.869678 1782.313690 1909.366733 2270.807299 2346.467997 3001.729911 3184.437506 3485.763654 4569.338645 4957.328054 5678.114601 6814.702180 6959.899134 7710.600401 8831.079841 9928.040299 10779.39364 10854.08259 12186.29679 13113.34133 13758.29988 15009.83470 17721.95176 18453.91774 19550.90206 23629.81638 26238.13908 27700.40417 32163.47908 34013.92102 71905.72324 186003.3657 439167.0773 7336446.554 10358195.37
      sorted:	 276.8701233 368.8551198 381.2511877 457.9828942 563.1003533 590.3306662 599.2878155 780.6847752 952.6008539 992.0488348 1063.029166 1248.974967 1372.748769 1782.313690 1858.869678 1909.366733 2270.807299 2346.467997 3001.729911 3184.437506 3485.763654 4569.338645 4957.328054 5678.114601 6814.702180 6959.899134 7710.600401 8831.079841 9928.040299 10779.39364 10854.08259 12186.29679 13113.34133 13758.29988 15009.83470 17721.95176 18453.91774 19550.90206 23629.81638 26238.13908 27700.40417 32163.47908 34013.92102 71905.72324 186003.3657 439167.0773 7336446.554 10358195.37
