    unsorted:	 613.8587528 584.7429097 553.9494069 774.7034481 457.8571283 381.8428622 377.0189443 276.9075480 953.3058074 1051.611762 1175.440443 1248.727277 1366.962914 1764.452769 1857.682084 1946.022560 2258.315595 2342.683922 2970.645909 3170.549890 3443.661628 4337.822604 4585.377354 5592.813248 6815.320337 6927.797983 7706.940356 8810.963901 9781.836198 10420.74471 10843.43413 12133.95063 12874.57037 13225.42701 14755.96578 17283.89121 18201.34699 19203.86375 23580.70293 26198.60435 26790.53808 32197.44237 33995.27797 75550.14943 185853.0501 481007.7781 7539027.281 10428952.64
      sorted:	 276.9075480 377.0189443 381.8428622 457.8571283 553.9494069 584.7429097 613.8587528 774.7034481 953.3058074 1051.611762 1175.440443 1248.727277 1366.962914 1764.452769 1857.682084 1946.022560 2258.315595 2342.683922 2970.645909 3170.549890 3443.661628 4337.822604 4585.377354 5592.813248 6815.320337 6927.797983 7706.940356 8810.963901 9781.836198 10420.74471 10843.43413 12133.95063 12874.57037 13225.42701 14755.96578 17283.89121 18201.34699 19203.86375 23580.70293 26198.60435 26790.53808 32197.44237 33995.27797 75550.14943 185853.0501 481007.7781 7539027.281 10428952.64
