    unsorted:	 887.3623312 868.8159044 963.5653609 1057.217345 635.2221214 535.3924641 520.3189624 452.4661005 386.0690028 330.9551063 276.2439002 283.8496779 268.0341131 1188.789638 1465.582737 1583.736549 1627.775703 1743.545736 2208.749061 2235.793369 2652.458102 3019.418359 3206.061827 3288.528327 4102.721301 4352.415789 4880.327329 5751.264387 6233.590807 7419.375150 7778.326601 7894.391347 9197.062779 9610.584145 9733.919780 10962.03613 11506.23468 13840.39046 14198.99747 16035.73165 17447.30653 17817.58781 18981.78329 21342.65969 23250.46725 25161.24666 26980.73148 32152.89536 32506.83016 35381.10321 49715.07925 60595.74861 101623.2244 224736.3903 305070.9845 371743.4402 6755010.801 11159900.02 988988517.2
      sorted:	 268.0341131 276.2439002 283.8496779 330.9551063 386.0690028 452.4661005 520.3189624 535.3924641 635.2221214 868.8159044 887.3623312 963.5653609 1057.217345 1188.789638 1465.582737 1583.736549 1627.775703 1743.545736 2208.749061 2235.793369 2652.458102 3019.418359 3206.061827 3288.528327 4102.721301 4352.415789 4880.327329 5751.264387 6233.590807 7419.375150 7778.326601 7894.391347 9197.062779 9610.584145 9733.919780 10962.03613 11506.23468 13840.39046 14198.99747 16035.73165 17447.30653 17817.58781 18981.78329 21342.65969 23250.46725 25161.24666 26980.73148 32152.89536 32506.83016 35381.10321 49715.07925 60595.74861 101623.2244 224736.3903 305070.9845 371743.4402 6755010.801 11159900.02 988988517.2
