    unsorted:	 1500.630147 1464.140912 1575.197043 1289.428021 1174.527718 1741.203518 965.0309923 886.4026150 794.5858013 746.6195362 585.4593856 502.9633281 531.9466053 462.0734929 396.8028862 346.2150253 348.6446901 275.4616362 1995.309806 2119.362711 2394.891535 2971.631102 3144.343104 3750.267319 4380.882745 4467.365729 4833.396034 5456.890715 6874.479384 6788.339658 6411.736829 7639.209900 8466.798500 9054.603458 9419.961662 11007.74564 11359.82154 11898.96146 14145.84608 15586.60790 17448.51561 20054.49372 32177.91332 48118.60203 142845.4852 211983.8654 5507169.180 7544238.478
      sorted:	 275.4616362 346.2150253 348.6446901 396.8028862 462.0734929 502.9633281 531.9466053 585.4593856 746.6195362 794.5858013 886.4026150 965.0309923 1174.527718 1289.428021 1464.140912 1500.630147 1575.197043 1741.203518 1995.309806 2119.362711 2394.891535 2971.631102 3144.343104 3750.267319 4380.882745 4467.365729 4833.396034 5456.890715 6411.736829 6788.339658 6874.479384 7639.209900 8466.798500 9054.603458 9419.961662 11007.74564 11359.82154 11898.96146 14145.84608 15586.60790 17448.51561 20054.49372 32177.91332 48118.60203 142845.4852 211983.8654 5507169.180 7544238.478
