    unsorted:	 4.934804668
      sorted:	 4.934804668
