    unsorted:	 0.004934907987 0.004934946774 0.004441526460 0.03506131660 0.09882557898 0.07351552528 0.1493963703 0.3376567914 1.045470113 3.164823694 4.358405897 10.27285444 32.54925687 86.62556030 227.6762686 189.2815984 210.5882899 286.8230908 296.0650100 487.9700816 672.2850408 768.7616187 850.2583037 891.8008359 1050.699471 1251.972560 1390.619757 1522.127917 1906.639424 2206.045517 2578.759150 2711.626012 3476.764048 7858.443295 17298.84686 20102.50208 22647.98109 26958.79497 55666.62848 62132.86413 77577.61010 94187.91382 103686.5366 106268.7530 239023.1780 540496.4416 3895392.367
      sorted:	 0.004441526460 0.004934907987 0.004934946774 0.03506131660 0.07351552528 0.09882557898 0.1493963703 0.3376567914 1.045470113 3.164823694 4.358405897 10.27285444 32.54925687 86.62556030 189.2815984 210.5882899 227.6762686 286.8230908 296.0650100 487.9700816 672.2850408 768.7616187 850.2583037 891.8008359 1050.699471 1251.972560 1390.619757 1522.127917 1906.639424 2206.045517 2578.759150 2711.626012 3476.764048 7858.443295 17298.84686 20102.50208 22647.98109 26958.79497 55666.62848 62132.86413 77577.61010 94187.91382 103686.5366 106268.7530 239023.1780 540496.4416 3895392.367
